83,4
83,3
83,2
83,1
83,0
81,4
81,3
81,2
81,1
81,0
79,4
79,3
79,2
79,1
79,0
77,5
77,4
77,3
77,2
77,1
77,0
75,5
75,4
75,3
75,2
75,1
75,0
74,4
74,3
74,2
74,1
74,0
73,3
73,2
73,1
73,0
72,4
72,3
72,2
72,1
72,0
71,4
71,3
71,2
71,1
71,0
69,4
69,3
69,2
69,1
69,0
67,4
67,3
67,2
67,1
67,0
64,4
64,3
64,2
64,1
0,408
0,243
0,0
0,273
0,270
0,9
113,34
113,33
113,32
113,31
113,30
113,29
113,28
113,27
113,26
113,25
113,24
113,23
113,22
113,21
113,20
113,19
113,18
113,17
113,16
113,15
113,14
113,13
113,12
113,11
